1790	557
2371	1740
1661	331
2137	1003
2101	967
2766	1644
1828	839
1730	432
2번째, SCALAR:[255, 0, 0, 0]
2217	2185
2157	2431
2217	2185
2221	2173
1808	2269
2088	2555
2069	2288
2558	2099
2371	1740
1922	2360
1922	2360
2385	2124
1676	2226
2157	2431
1912	2288
2766	1644
2015	2362
2258	2169
2208	2162
2291	2094
1792	2210
2번째, SCALAR:[255, 0, 0, 0]
1790	557
2371	1740
1579	1454
1661	331
2137	1003
2101	967
2766	1644
1828	839
1730	432
2번째, SCALAR:[255, 0, 0, 0]
2번째, SCALAR:[255, 0, 0, 0]
2번째, SCALAR:[255, 0, 0, 0]
2번째, SCALAR:[255, 0, 0, 0]
2번째, SCALAR:[255, 0, 0, 0]
2번째, SCALAR:[255, 0, 0, 0]
2번째, SCALAR:[255, 0, 0, 0]
2번째, SCALAR:[255, 0, 0, 0]
2번째, SCALAR:[255, 0, 0, 0]
2번째, SCALAR:[255, 0, 0, 0]
2번째, SCALAR:[255, 0, 0, 0]
2번째, SCALAR:[255, 0, 0, 0]
2번째, SCALAR:[255, 0, 0, 0]
