47
145
198
105
23
40
107
159
63
207
214
130
32
219
134
155
214
180
175
148
208
232
123
97
20
207
104
144
171
162
215
207
130
191
32
223
127
47
208
68
208
223
104
105
143
144
148
105
232
232
223
136
105
119
123
232
33
214
219
134
229
96
31
104
240
207
134
144
176
227
155
191
171
23
149
214
95
105
92
73
41
57
223
123
143
105
198
143
107
214
84
151
105
219
34
130
191
40
125
31
31
47
145
198
105
23
40
107
159
63
207
214
130
32
219
134
155
214
180
175
148
208
232
123
97
20
207
104
144
171
162
215
207
130
191
32
223
127
47
208
68
208
223
104
105
143
144
148
105
232
232
223
136
105
119
123
232
33
214
219
134
229
96
31
104
240
207
134
144
176
227
155
191
171
23
149
214
95
105
92
73
41
57
223
123
143
105
198
143
107
214
84
151
105
219
34
130
191
40
125
31
31
47
145
198
105
23
40
107
159
63
207
214
130
32
219
134
155
214
180
175
148
208
232
123
97
20
207
104
144
171
162
215
207
130
191
32
223
127
47
208
68
208
223
104
105
143
144
148
105
232
232
223
136
105
119
123
232
33
214
219
134
229
96
31
104
240
207
134
144
176
227
155
191
171
23
149
214
95
105
92
73
41
57
223
123
143
105
198
143
107
214
84
151
105
219
34
130
191
40
125
31
31
47
145
198
105
23
40
107
159
63
207
214
130
32
219
134
155
214
180
175
148
208
232
123
97
20
207
104
144
171
162
215
207
130
191
32
223
127
47
208
68
208
223
104
105
143
144
148
105
232
232
223
136
105
119
123
232
33
214
219
134
229
96
31
104
240
207
134
144
176
227
155
191
171
23
149
214
95
105
92
73
41
57
223
123
143
105
198
143
107
214
84
151
105
219
34
130
191
40
125
31
31
47
145
198
105
23
40
107
159
63
207
214
130
32
219
134
155
214
180
175
148
208
232
123
97
20
207
104
144
171
162
215
207
130
191
32
223
127
47
208
68
208
223
104
105
143
144
148
105
232
232
223
136
105
119
123
232
33
214
219
134
229
96
31
104
240
207
134
144
176
227
155
191
171
23
149
214
95
105
92
73
41
57
223
123
143
105
198
143
107
214
84
151
105
219
34
130
191
40
125
31
31
47
145
198
105
23
40
107
159
63
207
214
130
32
219
134
155
214
180
175
148
208
232
123
97
20
207
104
144
171
162
215
207
130
191
32
223
127
47
208
68
208
223
104
105
143
144
148
105
232
232
223
136
105
119
123
232
33
214
219
134
229
96
31
104
240
207
134
144
176
227
155
191
171
23
149
214
95
105
92
73
41
57
223
123
143
105
198
143
107
214
84
151
105
219
34
130
191
40
125
31
31
47
145
198
105
23
40
107
159
63
207
214
130
32
219
134
155
214
180
175
148
208
232
123
97
20
207
104
144
171
162
215
207
130
191
32
223
127
47
208
68
208
223
104
105
143
144
148
105
232
232
223
136
105
119
123
232
33
214
219
134
229
96
31
104
240
207
134
144
176
227
155
191
171
23
149
214
95
105
92
73
41
57
223
123
143
105
198
143
107
214
84
151
105
219
34
130
191
40
125
31
31
47
145
198
105
23
40
107
159
63
207
214
130
32
219
134
155
214
180
175
148
208
232
123
97
20
207
104
144
171
162
215
207
130
191
32
223
127
47
208
68
208
223
104
105
143
144
148
105
232
232
223
136
105
119
123
232
33
214
219
134
229
96
31
104
240
207
134
144
176
227
155
191
171
23
149
214
95
105
92
73
41
57
223
123
143
105
198
143
107
214
84
151
105
219
34
130
191
40
125
31
31
